2 0 0 0.2
3 2 0 0.24
3 2 1 0.24489795918367346
0 0 2 0.38333333333333336
2 3 0 0.25
0 1 1 0.2
1 1 1 0.4
2 0 1 0.1978021978021978
1 1 2 0.4
1 0 2 0.21666666666666667
1 2 1 0.2653061224489796
0 2 2 0.24489795918367346
0 1 0 0.2
1 1 0 0.4
3 3 2 0.25
0 3 2 0.25
3 1 0 0.2
3 3 1 0.25
1 3 0 0.25
0 3 0 0.25
2 3 1 0.25
1 0 1 0.2087912087912088
1 2 2 0.2653061224489796
2 2 1 0.24489795918367346
0 1 2 0.2
0 2 0 0.24
1 3 1 0.25
2 1 0 0.2
3 0 1 0.1978021978021978
1 3 2 0.25
0 0 0 0.4
3 0 2 0.2
3 3 0 0.25
2 2 2 0.24489795918367346
3 0 0 0.2
2 1 1 0.2
3 1 2 0.2
2 2 0 0.24
1 0 0 0.2
2 1 2 0.2
0 3 1 0.25
2 3 2 0.25
0 2 1 0.24489795918367346
0 0 1 0.3956043956043956
2 0 2 0.2
3 1 1 0.2
3 2 2 0.24489795918367346
1 2 0 0.28
