3 3 3 1 2 0.5
1 0 1 2 1 0.3333333333333333
1 0 3 2 2 0.5
0 0 3 0 0 1.0
0 0 1 0 1 0.8947368421052632
1 0 0 2 2 0.3333333333333333
0 2 1 1 0 1.0
0 3 0 1 1 0.16666666666666666
1 3 1 1 2 0.4166666666666667
2 3 3 1 2 0.16666666666666666
0 2 0 1 0 1.0
0 1 1 2 1 0.6
0 1 3 2 1 0.6470588235294118
1 0 0 0 1 0.21052631578947367
0 1 3 1 0 1.0
1 3 0 2 2 0.25
1 0 2 2 2 0.5
1 2 3 2 1 0.6666666666666666
1 3 3 2 1 0.5833333333333334
3 2 0 2 2 0.16666666666666666
0 3 3 2 1 0.08333333333333333
1 1 2 2 2 0.6
2 2 3 2 1 0.16666666666666666
0 0 1 2 0 1.0
0 0 0 1 0 0.8571428571428571
0 0 3 0 2 1.0
0 1 0 1 0 1.0
0 0 3 1 0 1.0
3 2 1 1 2 0.16666666666666666
0 3 1 1 0 1.0
0 1 3 1 2 0.4
2 3 1 2 2 0.16666666666666666
0 1 2 0 1 1.0
0 2 3 0 2 1.0
2 3 1 1 1 0.16666666666666666
0 2 0 2 1 0.5
1 0 0 2 0 0.14285714285714285
1 1 2 1 1 0.4
2 3 0 1 1 0.16666666666666666
0 2 3 1 0 1.0
0 1 0 0 2 1.0
3 2 0 1 2 0.16666666666666666
3 2 2 1 2 0.3333333333333333
1 3 0 1 2 0.4166666666666667
1 1 1 1 1 0.2
1 2 3 1 2 0.5833333333333334
0 0 3 1 1 0.6666666666666666
0 2 2 2 1 0.16666666666666666
0 0 1 0 0 0.8571428571428571
2 2 1 1 1 0.08333333333333333
2 2 1 2 2 0.08333333333333333
1 3 1 2 2 0.3333333333333333
2 3 3 2 2 0.16666666666666666
2 3 2 2 2 0.16666666666666666
2 3 2 1 2 0.16666666666666666
1 1 0 2 1 0.2
1 1 3 1 2 0.6
0 2 0 0 2 1.0
0 2 3 1 1 0.16666666666666666
0 3 1 2 1 0.08333333333333333
0 1 2 1 0 1.0
0 0 1 2 2 0.5
0 2 1 0 0 1.0
1 3 2 1 2 0.3333333333333333
1 2 2 1 2 0.5833333333333334
1 0 3 1 2 0.5
2 2 1 1 2 0.16666666666666666
0 3 3 0 2 1.0
2 3 0 2 1 0.16666666666666666
0 0 1 0 2 0.8947368421052632
2 3 3 2 1 0.3333333333333333
2 2 2 1 2 0.08333333333333333
1 1 3 1 1 0.4
0 0 1 1 1 0.8571428571428571
0 3 2 0 1 1.0
0 2 2 0 1 1.0
0 0 2 1 0 1.0
0 0 2 0 1 1.0
0 1 1 0 0 1.0
1 3 2 1 1 0.5833333333333334
1 2 2 1 1 0.6666666666666666
0 3 2 2 0 1.0
0 1 3 0 2 1.0
3 2 2 2 2 0.3333333333333333
1 0 3 2 1 0.3333333333333333
3 3 3 2 2 0.5
0 0 2 1 2 0.5
0 1 1 1 0 1.0
0 1 1 2 2 0.4
3 3 0 1 2 0.25
0 1 1 1 2 0.4
3 3 0 2 2 0.25
1 1 1 2 1 0.4
1 1 3 2 1 0.35294117647058826
1 3 3 2 2 0.3333333333333333
1 3 2 2 2 0.3333333333333333
0 0 2 0 2 1.0
1 3 3 1 1 0.5833333333333334
0 0 2 2 2 0.5
0 0 3 2 1 0.6666666666666666
1 1 2 2 1 0.4
0 3 1 0 1 1.0
0 3 2 1 0 1.0
0 0 1 1 0 1.0
0 3 3 2 0 1.0
0 2 1 0 1 1.0
1 0 0 0 0 0.2631578947368421
0 2 1 2 0 1.0
2 2 0 1 1 0.08333333333333333
0 1 1 0 2 1.0
0 1 3 1 1 0.6
0 3 2 1 1 0.08333333333333333
3 3 2 2 2 0.5
0 2 0 2 2 0.3333333333333333
3 3 2 1 2 0.5
1 1 2 1 2 0.6
2 3 0 1 2 0.3333333333333333
2 2 3 1 2 0.08333333333333333
1 0 1 2 2 0.5
0 3 1 0 2 1.0
0 1 0 0 1 1.0
0 0 2 1 1 0.6666666666666666
0 1 2 0 2 1.0
0 2 1 0 2 1.0
1 3 1 1 1 0.6666666666666666
0 2 1 2 1 0.16666666666666666
1 3 0 1 1 0.6666666666666666
0 0 1 2 1 0.6666666666666666
0 0 0 1 1 0.7619047619047619
0 3 0 2 0 1.0
0 0 1 1 2 0.5714285714285714
1 0 0 1 0 0.14285714285714285
0 3 2 2 1 0.08333333333333333
0 1 0 2 2 0.6
1 0 1 0 1 0.10526315789473684
1 0 1 1 1 0.14285714285714285
1 2 2 2 2 0.5833333333333334
2 2 3 2 2 0.08333333333333333
1 3 1 2 1 0.5833333333333334
0 1 1 0 1 1.0
0 3 1 1 1 0.16666666666666666
0 2 0 2 0 1.0
2 3 2 1 1 0.3333333333333333
0 2 2 0 0 1.0
1 0 2 1 1 0.3333333333333333
1 2 1 2 1 0.6666666666666666
0 2 0 0 0 1.0
0 2 3 2 0 1.0
0 1 3 2 0 1.0
0 2 3 0 1 1.0
1 0 1 0 2 0.10526315789473684
1 0 1 1 2 0.42857142857142855
0 0 0 0 1 0.7894736842105263
2 3 0 2 2 0.16666666666666666
2 2 1 2 1 0.16666666666666666
0 1 3 0 0 1.0
1 0 1 0 0 0.14285714285714285
0 1 3 2 2 0.47058823529411764
0 0 2 0 0 1.0
0 1 1 2 0 1.0
0 1 2 0 0 1.0
0 3 1 2 0 1.0
1 2 1 1 1 0.5833333333333334
0 3 0 2 1 0.4166666666666667
2 2 2 2 1 0.16666666666666666
1 2 1 2 2 0.5833333333333334
0 0 3 1 2 0.5
0 2 2 0 2 1.0
0 2 2 2 0 1.0
1 1 0 1 1 0.1875
0 0 0 2 0 0.8571428571428571
0 1 2 2 1 0.6
0 1 2 1 2 0.4
1 0 2 2 1 0.3333333333333333
0 1 1 1 1 0.8
1 1 1 2 2 0.6
3 2 3 2 2 0.3333333333333333
0 0 0 2 1 0.7619047619047619
2 2 2 1 1 0.16666666666666666
0 3 3 0 0 1.0
1 2 0 2 1 0.4166666666666667
2 3 1 1 2 0.3333333333333333
1 3 3 1 2 0.3333333333333333
0 0 2 2 1 0.6666666666666666
0 3 1 0 0 1.0
0 3 3 0 1 1.0
0 1 0 1 1 0.8125
1 0 0 1 2 0.42857142857142855
2 2 0 1 2 0.16666666666666666
0 2 3 2 1 0.16666666666666666
1 2 3 2 2 0.5833333333333334
0 1 0 0 0 1.0
0 2 2 1 0 1.0
1 2 0 1 2 0.6666666666666666
0 0 3 2 2 0.5
2 2 3 1 1 0.16666666666666666
1 0 0 1 1 0.23809523809523808
0 1 0 2 0 1.0
0 2 0 0 1 1.0
0 0 3 0 1 1.0
0 2 0 1 1 0.3333333333333333
1 3 2 2 1 0.5833333333333334
1 1 0 2 2 0.4
0 1 2 2 0 1.0
0 1 0 2 1 0.8
2 3 3 1 1 0.3333333333333333
1 2 0 1 1 0.5833333333333334
2 3 1 2 1 0.3333333333333333
1 0 3 1 1 0.3333333333333333
0 2 3 0 0 1.0
0 1 0 1 2 0.375
0 0 0 0 0 0.7368421052631579
0 2 1 1 1 0.3333333333333333
1 1 1 1 2 0.6
1 2 3 1 1 0.6666666666666666
0 0 3 2 0 1.0
0 3 0 1 0 1.0
0 0 0 1 2 0.5714285714285714
1 0 0 0 2 0.21052631578947367
0 0 0 2 2 0.6666666666666666
0 2 2 1 1 0.16666666666666666
0 0 0 0 2 0.7894736842105263
0 3 0 0 0 1.0
2 3 2 2 1 0.3333333333333333
2 2 0 2 1 0.08333333333333333
1 2 1 1 2 0.6666666666666666
0 3 0 2 2 0.3333333333333333
2 2 2 2 2 0.08333333333333333
3 3 1 2 2 0.5
3 2 1 2 2 0.3333333333333333
1 1 3 2 2 0.5294117647058824
0 3 0 0 1 1.0
0 3 3 1 1 0.08333333333333333
0 1 2 2 2 0.4
0 0 2 2 0 1.0
1 1 0 1 2 0.625
1 2 2 2 1 0.6666666666666666
0 1 2 1 1 0.6
1 0 0 2 1 0.23809523809523808
2 2 0 2 2 0.08333333333333333
3 3 1 1 2 0.25
0 3 3 1 0 1.0
0 3 2 0 0 1.0
1 0 2 1 2 0.5
3 2 3 1 2 0.3333333333333333
1 3 0 2 1 0.4166666666666667
0 3 2 0 2 1.0
0 3 0 0 2 1.0
0 1 3 0 1 1.0
1 2 0 2 2 0.4166666666666667
